	16.0	17.0	18.0	19.0	20.0	21.0	22.0	23.0	24.0	25.0	26.0	27.0	28.0	29.0	30.0	31.0	32.0	33.0	34.0	35.0	36.0	37.0	38.0	39.0	40.0
1O	6.0	276.0	3676.0	24215.0	88167.0	181898.0	251300.0	260529.0	260944.0	261307.0	281677.0	305304.0	352906.0	397699.0	459582.0	521303.0	626033.0	760311.0	1002209.0	1402494.0	2146057.0	3408518.0	8215167.0	44084986.0	10485431.0
	15.0	16.0	17.0	18.0	19.0	20.0	21.0	22.0	23.0	24.0	25.0	26.0	27.0	28.0	29.0	30.0	31.0	32.0	33.0	34.0	35.0	36.0	37.0	38.0	39.0	40.0
2O	1.0	7.0	219.0	3450.0	22093.0	81103.0	163731.0	225374.0	232168.0	228936.0	230084.0	250375.0	271141.0	313117.0	354989.0	411044.0	465737.0	558326.0	677483.0	890912.0	1242082.0	1899854.0	3007152.0	7277245.0	39322431.0	9167765.0
	16.0	17.0	18.0	19.0	20.0	21.0	22.0	23.0	24.0	25.0	26.0	27.0	28.0	29.0	30.0	31.0	32.0	33.0	34.0	35.0	36.0	37.0	38.0	39.0	40.0
3O	9.0	250.0	3724.0	25152.0	89766.0	182355.0	249149.0	253439.0	252445.0	252737.0	272854.0	296090.0	343076.0	386729.0	449936.0	507039.0	607400.0	734107.0	962358.0	1344076.0	2047580.0	3207737.0	7567912.0	41222622.0	10484084.0
	15.0	16.0	17.0	18.0	19.0	20.0	21.0	22.0	23.0	24.0	25.0	26.0	27.0	28.0	29.0	30.0	31.0	32.0	33.0	34.0	35.0	36.0	37.0	38.0	39.0	40.0
P11_1	1.0	11.0	279.0	4285.0	28566.0	102519.0	208525.0	285569.0	294454.0	293218.0	293561.0	317557.0	344521.0	401420.0	453458.0	526876.0	594433.0	713237.0	862181.0	1134079.0	1578552.0	2401198.0	3754544.0	8774148.0	47382147.0	11955901.0
	15.0	16.0	17.0	18.0	19.0	20.0	21.0	22.0	23.0	24.0	25.0	26.0	27.0	28.0	29.0	30.0	31.0	32.0	33.0	34.0	35.0	36.0	37.0	38.0	39.0	40.0
P11_2	2.0	9.0	313.0	4116.0	26316.0	95199.0	199913.0	280563.0	292250.0	294192.0	295884.0	320864.0	347765.0	403983.0	455579.0	529624.0	600676.0	723329.0	879014.0	1161302.0	1623869.0	2481335.0	3910150.0	9282184.0	47107845.0	11284706.0
	15.0	16.0	17.0	18.0	19.0	20.0	21.0	22.0	23.0	24.0	25.0	26.0	27.0	28.0	29.0	30.0	31.0	32.0	33.0	34.0	35.0	36.0	37.0	38.0	39.0	40.0
P11_3	1.0	12.0	283.0	4354.0	29809.0	105425.0	216276.0	297199.0	305114.0	304194.0	304147.0	330237.0	358082.0	416369.0	471524.0	546814.0	620098.0	745657.0	903171.0	1191696.0	1663098.0	2538969.0	3980560.0	9402843.0	50585339.0	12433496.0

